9786287722507
9789878222691
9789504994251
9789878222868
9789878223667
9789878223049
9789878222929
9789504995418
9789508523723
9789878223896
9789500444293
9789505472895
9789505472710
9789505472741
9789878222899
9786316691439
9789875803909
9789507322419
9789507321962
9789878223759
9789504995074
9789504973041
9789504996071
9789504995401
9789878223087
9789878222967
9786316508157
9789878220710
9789879317921
9788408094449
9789878318998
9789508524003
9789878223612
9789878222721
9789507326172
9789507325366
9789507326509
9789507326479
9789507321733
9789878222189
9789508522559
9789508702777
9789878220567
9789878221786
9789504976189
9789501204582
9789878223032
9789504996682
9789875807747
9789508702791
9789878223490
9789878223117
9789504996286
9789504993797
9789504991632
9789504992783
9789878223551
9789504990475
9789871388257
9789507326912
9789504995067
9789507324208
9789507326905
9789507322587
9789507322242
9786319091496
9789504996330
9788408006664
9786287722491
9789507326820
9789507326974
9789878223377
9789504995586
9788413443096
9789504972105
9789878223445
9789878221144
9789507325342
9789504979845
9789507324154
9789507324161
9789507322709
9789508702715
9789504996729
9789878222646
9789501204636
9789874479518
9789878220659
9789508702760
9789504994848
9789877370720
9786316620958
9788418037016
9789877370942
9788494799167
9788494799181
9789871849529
9789874830791
9788494852008
9786319159004
9786319159011
